-87,-24,17,32;-24,-41,-10,-84;17,-10,54,-67;32,-84,-67,69
-2,36,68,65,-33,-51,-90,85,4,69,25,-41,11,-57,5,39,-63,-16,-23,81,87,-26,-3,-94,-13,-59,-61,45,66,78;33,85,37,64,7,32,99,-48,-14,0,-95,-17,11,-57,50,-43,-79,-85,84,-24,17,49,-9,-96,29,-77,-62,61,-22,-74;-90,-36,-81,26,-64,40,22,46,35,73,40,85,97,76,75,4,63,-46,-45,-71,-81,-77,61,-11,-40,83,-7,33,-65,-17;-6,-63,73,-40,-10,40,-37,85,-93,-90,35,-25,-20,-90,36,32,51,14,-72,-76,-40,84,5,-51,-94,86,3,30,-35,-48;-54,88,10,-48,-21,2,-89,37,-15,-66,-60,78,-54,-55,-7,44,43,50,52,28,-68,78,4,-89,-77,10,31,24,-47,4;-63,33,19,55,63,46,64,-72,31,-67,20,-86,-72,94,83,-18,37,-40,55,-39,-57,52,77,36,-80,-32,-16,-1,-71,69;70,-14,-17,81,96,7,-42,-9,-19,46,80,15,-81,19,-92,-82,49,10,-73,41,72,-29,69,92,-39,-15,56,82,34,-5;-38,-36,99,62,-38,-66,30,-53,97,-24,-77,-54,78,-92,-19,27,32,-42,28,-98,18,73,-28,-13,96,-1,16,-9,19,10;51,-25,56,86,-17,15,16,-43,-44,73,-13,2,12,51,17,26,-8,61,10,33,53,-2,-46,32,77,-11,92,11,65,63;17,-61,28,-14,24,47,-11,92,24,66,-89,-25,-99,54,14,-84,-40,21,70,-30,-94,55,81,85,57,-47,-79,-77,-91,94;23,-95,-9,-7,-44,-53,74,-75,-74,70,-64,0,-64,43,22,-23,-4,-1,-83,61,-72,-29,40,-5,56,61,-42,42,28,-29;25,-35,83,29,-57,-95,83,7,-2,-34,-58,-66,-6,99,-67,6,18,-63,-37,-20,56,21,-94,-52,66,-49,-36,96,37,-6;89,-69,-3,54,-56,71,17,6,0,16,-6,88,-99,50,19,93,76,41,-39,-51,-57,-80,-21,-52,15,-96,-41,34,63,91;41,87,70,-96,-23,-90,37,40,55,-38,88,-89,36,46,85,67,20,-45,28,72,-25,23,34,-13,-49,68,52,-52,-61,-60;11,82,43,9,75,7,-82,97,-27,8,-45,-65,85,99,-39,-69,-16,33,-38,47,-17,-97,-94,90,15,-82,-48,-18,53,8;-43,-11,1,14,50,-94,-32,-73,70,-22,48,23,82,-80,17,-61,37,35,-74,-81,-16,-81,85,-9,56,8,76,52,93,57;-46,36,-56,65,-50,65,34,-30,-52,-46,62,-44,62,84,98,60,-79,85,-27,-25,-20,17,-45,33,-77,-62,4,-91,58,-58;-71,16,-66,-87,-76,-88,-21,-84,69,51,5,-34,-14,71,-43,-73,-43,-99,-7,96,-14,90,-22,17,-24,37,-20,10,41,-88;-39,25,12,-94,-76,-54,-78,48,59,86,-20,-96,-84,22,70,-86,-70,-17,-25,95,81,3,16,62,55,-61,-62,16,37,-14;32,68,-25,57,-11,80,53,-20,47,-89,-95,8,-59,6,15,-18,73,55,46,-38,6,96,-65,45,-70,58,-92,50,-50,85;-92,6,-89,-27,-46,12,29,-41,-67,90,-40,50,36,-36,90,-28,-39,-91,-54,-27,-35,-18,69,-25,79,35,33,29,26,30;71,-97,-71,61,-97,-1,-3,67,-48,-98,52,14,22,56,-99,56,-41,70,55,57,-4,99,3,77,19,25,36,35,-7,18;79,99,32,2,-81,-43,20,74,-39,-9,75,-6,57,-57,20,51,59,-87,-27,-78,-25,62,74,68,-66,71,-1,-49,-59,-23;62,61,-26,33,-77,52,81,-80,36,44,-65,-16,9,-37,82,-98,-58,-40,-44,68,66,22,-38,-30,-58,-84,-75,64,-33,-53;57,-31,33,83,28,-87,-81,-77,-80,67,69,39,-24,28,87,91,-48,10,85,-69,29,-62,94,-28,11,-61,-1,-97,-9,-94;27,-83,52,-12,87,66,51,26,34,69,82,-82,-60,-11,99,-74,-54,34,-17,-49,64,14,78,-65,18,18,-26,-40,-28,-11;13,-85,32,-87,-60,52,86,87,41,-80,-61,26,76,-85,-52,10,98,5,-27,-16,93,65,20,-61,-58,-88,-62,16,70,-32;-8,-9,-47,-55,-45,67,-14,-73,-52,-53,-60,-42,92,-37,-89,-63,38,62,87,-93,20,68,86,87,-5,48,-5,-8,70,-72;13,-31,-84,-27,27,48,-28,30,60,-19,-76,71,-43,-74,-57,34,72,-43,-72,-96,-26,-25,29,63,48,24,4,-34,49,7;-29,94,-44,-81,33,71,-58,19,35,-37,65,-93,-98,5,83,48,10,59,43,61,75,-63,-37,66,54,-62,39,-47,25,-97
81,-47;-47,-91
-63,-7,-28,-8,-47,21,65,-61,-33,-27,-76,79,99,-87,45,22,88,31,-67,30,-11,-35,-5,-69,88,94,31,-81,58;-7,-74,49,-5,53,-68,-27,-34,-29,-32,22,16,-2,26,-14,64,15,-27,25,90,-2,-17,92,22,75,-1,-75,71,98;-28,49,-60,4,-41,90,45,-20,-60,24,28,-74,66,40,-22,-49,20,-92,17,-68,63,78,30,16,14,-32,41,21,-26;-8,-5,4,-67,-73,20,-46,-93,1,-33,-70,64,-37,26,52,-55,-54,-60,86,-53,58,-51,-81,-68,-28,13,-43,-33,-38;-47,53,-41,-73,92,-32,24,89,90,-52,-76,-95,-93,-3,-92,72,59,-62,-90,-80,55,45,91,-21,17,32,-11,29,-34;21,-68,90,20,-32,10,-8,1,-58,61,13,-38,87,44,8,99,6,74,-28,-23,28,-61,-62,43,78,-25,99,-90,-92;65,-27,45,-46,24,-8,-88,16,68,-35,87,44,-41,78,94,23,-20,56,22,63,-55,83,45,85,-86,30,-89,14,80;-61,-34,-20,-93,89,1,16,-27,14,51,-23,-7,46,51,91,10,-19,-8,-71,-56,45,96,99,99,-52,-79,12,-49,91;-33,-29,-60,1,90,-58,68,14,21,-95,-25,93,59,-68,-10,84,-20,97,-2,35,-6,51,-64,-33,66,-68,-58,32,69;-27,-32,24,-33,-52,61,-35,51,-95,-26,-70,33,-99,-62,49,85,-86,-19,89,-99,29,-19,92,46,-99,0,86,19,0;-76,22,28,-70,-76,13,87,-23,-25,-70,26,-100,-5,31,8,-50,-56,63,32,-18,89,-31,19,-79,-54,75,42,91,21;79,16,-74,64,-95,-38,44,-7,93,33,-100,-17,4,69,99,-93,-4,-94,-88,59,-11,-35,-35,-55,23,-69,-57,-26,34;99,-2,66,-37,-93,87,-41,46,59,-99,-5,4,-99,-8,87,4,-78,-19,98,-100,32,-90,-40,45,71,-41,8,-36,-64;-87,26,40,26,-3,44,78,51,-68,-62,31,69,-8,95,57,-99,-13,-65,2,-63,-15,-27,-33,-83,43,46,-13,78,72;45,-14,-22,52,-92,8,94,91,-10,49,8,99,87,57,-60,40,-1,33,78,-18,-13,-100,-93,64,96,52,-86,18,-95;22,64,-49,-55,72,99,23,10,84,85,-50,-93,4,-99,40,56,81,-14,-64,-14,-28,-53,66,90,49,-81,48,-86,81;88,15,20,-54,59,6,-20,-19,-20,-86,-56,-4,-78,-13,-1,81,-43,85,22,-18,72,31,19,-91,30,-43,13,-31,-99;31,-27,-92,-60,-62,74,56,-8,97,-19,63,-94,-19,-65,33,-14,85,-20,-29,6,-15,-30,55,-39,-40,62,-41,-49,-8;-67,25,17,86,-90,-28,22,-71,-2,89,32,-88,98,2,78,-64,22,-29,-1,92,74,8,83,59,33,-28,-82,49,78;30,90,-68,-53,-80,-23,63,-56,35,-99,-18,59,-100,-63,-18,-14,-18,6,92,-27,-30,-58,87,-14,47,-50,-71,22,-84;-11,-2,63,58,55,28,-55,45,-6,29,89,-11,32,-15,-13,-28,72,-15,74,-30,-29,67,-6,-16,-36,48,93,52,21;-35,-17,78,-51,45,-61,83,96,51,-19,-31,-35,-90,-27,-100,-53,31,-30,8,-58,67,-5,25,-29,90,-28,38,45,0;-5,92,30,-81,91,-62,45,99,-64,92,19,-35,-40,-33,-93,66,19,55,83,87,-6,25,46,-2,79,96,82,30,-8;-69,22,16,-68,-21,43,85,99,-33,46,-79,-55,45,-83,64,90,-91,-39,59,-14,-16,-29,-2,-68,-85,-72,67,74,13;88,75,14,-28,17,78,-86,-52,66,-99,-54,23,71,43,96,49,30,-40,33,47,-36,90,79,-85,11,-70,28,-25,-72;94,-1,-32,13,32,-25,30,-79,-68,0,75,-69,-41,46,52,-81,-43,62,-28,-50,48,-28,96,-72,-70,-75,-21,-76,19;31,-75,41,-43,-11,99,-89,12,-58,86,42,-57,8,-13,-86,48,13,-41,-82,-71,93,38,82,67,28,-21,-90,40,19;-81,71,21,-33,29,-90,14,-49,32,19,91,-26,-36,78,18,-86,-31,-49,49,22,52,45,30,74,-25,-76,40,-3,-46;58,98,-26,-38,-34,-92,80,91,69,0,21,34,-64,72,-95,81,-99,-8,78,-84,21,0,-8,13,-72,19,19,-46,-48
69,-52,41,-54,3,30,43,-80,-11,-64,-99,-49,-51,19,-75,77,-92,83,-5,42,14;-52,-56,12,-35,-24,-73,-13,-61,-24,-16,-24,-60,-70,34,-41,18,-67,-34,-92,0,85;41,12,-45,38,88,-23,73,-31,-10,14,41,-11,-30,57,-41,65,25,35,-25,70,-25;-54,-35,38,-58,4,43,-96,60,61,-80,14,-40,6,44,41,75,95,57,-41,5,24;3,-24,88,4,88,2,57,96,24,34,95,-95,-18,71,69,33,82,58,-4,32,-43;30,-73,-23,43,2,-20,11,34,-73,15,53,55,-70,-93,97,47,-5,62,2,6,-81;43,-13,73,-96,57,11,-89,-13,-33,18,-54,79,-92,-92,55,-21,-52,45,26,23,86;-80,-61,-31,60,96,34,-13,-55,-57,37,-24,47,71,-4,-28,49,-98,66,17,36,-53;-11,-24,-10,61,24,-73,-33,-57,10,20,-31,-38,14,71,-29,-72,-87,-89,1,3,25;-64,-16,14,-80,34,15,18,37,20,-28,-64,4,-91,3,-17,-89,2,-48,-76,-75,59;-99,-24,41,14,95,53,-54,-24,-31,-64,-52,14,-86,18,16,-21,-39,-29,60,-55,59;-49,-60,-11,-40,-95,55,79,47,-38,4,14,79,-18,-88,52,15,-83,-71,26,74,-56;-51,-70,-30,6,-18,-70,-92,71,14,-91,-86,-18,-55,-76,-64,-56,92,-37,-66,25,45;19,34,57,44,71,-93,-92,-4,71,3,18,-88,-76,-42,-5,-57,3,-34,-44,-44,9;-75,-41,-41,41,69,97,55,-28,-29,-17,16,52,-64,-5,-3,31,-60,-69,64,-73,-23;77,18,65,75,33,47,-21,49,-72,-89,-21,15,-56,-57,31,25,26,-9,31,-4,-16;-92,-67,25,95,82,-5,-52,-98,-87,2,-39,-83,92,3,-60,26,-78,-3,-50,15,-98;83,-34,35,57,58,62,45,66,-89,-48,-29,-71,-37,-34,-69,-9,-3,-10,78,-27,23;-5,-92,-25,-41,-4,2,26,17,1,-76,60,26,-66,-44,64,31,-50,78,-84,-73,46;42,0,70,5,32,6,23,36,3,-75,-55,74,25,-44,-73,-4,15,-27,-73,-85,86;14,85,-25,24,-43,-81,86,-53,25,59,59,-56,45,9,-23,-16,-98,23,46,86,-37
46,-5,-42,8,31,95,34,-87,-20,96,58,19,-35,72,2,-71,-40,-65,97,92,88,-37,65,-22,-65,74,15,-88,-16,49,-60,-87,89,46,44,-65,-63,76,-9,2,16,1,22,-7,-81;53,-43,-56,24,16,54,51,-35,42,91,-18,30,79,-28,57,-21,22,28,30,56,44,30,18,-73,-33,91,-16,44,-5,-24,-14,41,-28,-42,-19,16,-29,-13,68,95,-11,48,-54,55,-38;5,-43,4,33,-78,94,73,91,37,-25,-77,38,-83,-44,24,-30,-94,69,-34,5,41,-43,21,90,-60,-92,-66,60,34,-33,96,-17,63,64,62,34,79,-90,-27,-18,12,49,34,83,-42;78,-46,-70,-57,25,-18,78,80,-50,20,-53,36,13,-7,-87,60,-87,-44,-31,-21,39,75,-48,-6,90,-10,96,-4,84,92,91,23,37,31,-38,54,-97,16,-91,85,-83,3,13,-56,15;97,-35,16,-41,22,-2,-7,-36,4,19,-97,-99,36,-48,-65,-15,-19,96,-43,29,23,98,82,-69,-42,56,-4,-53,-16,-39,-64,-39,-93,78,92,-76,-21,-64,-39,-6,-3,-42,-67,-88,-41;52,-34,-36,74,-1,36,6,-44,15,91,99,-17,-15,-100,65,-98,-54,80,-57,-18,41,94,58,-41,-90,-94,-56,34,63,-69,-35,64,69,72,6,-11,-68,-27,85,24,29,-95,-8,86,93;41,94,-65,-4,-8,-49,-23,90,29,17,58,8,-96,63,-7,-9,72,-7,-17,26,-66,14,13,-6,-25,69,73,95,18,53,35,1,71,-34,-31,-89,-91,-63,-30,79,87,74,-61,-46,47;81,-72,9,-9,-67,56,12,-92,-40,58,-74,-20,41,-80,22,-23,-18,-28,76,81,-44,37,38,-6,-19,-18,34,-78,4,38,-40,-25,-42,46,-6,41,-36,3,-16,96,-77,-8,10,7,-58;31,-33,-83,48,2,5,1,-38,-28,-10,-56,-10,-85,-90,51,-78,-11,4,22,-2,51,-78,94,26,81,-87,79,87,79,58,64,-74,-70,-49,50,-86,17,-27,-99,-67,58,-88,86,-44,-51;-49,-52,-7,33,74,34,88,88,-91,-10,8,-27,-10,66,-12,25,14,-17,14,26,-82,-41,64,-41,37,4,-85,2,-12,39,39,-65,38,-24,30,65,-15,-46,-96,-76,75,-63,-79,60,-59;40,-74,7,13,7,-56,28,-28,29,-69,91,-16,-67,96,-30,18,-15,0,-31,51,-27,35,-87,-64,23,-60,-41,-22,-10,51,80,-62,-97,-82,96,-23,8,89,81,-5,-89,63,-92,-55,39;-20,-48,-42,34,5,-11,37,51,-91,68,-95,-87,-30,90,-33,84,-51,81,78,-50,53,-20,-85,99,92,-91,-4,18,74,40,9,26,68,-3,-58,87,-100,44,84,-39,-57,-13,94,-50,90;-36,-63,98,13,10,61,82,-70,94,85,-100,-63,-42,42,-4,93,-82,76,-32,-42,-21,-55,73,47,-21,84,5,97,17,-94,-35,-15,64,-91,28,71,-3,-95,-36,78,27,-4,73,11,-58;50,41,-98,-12,-33,-75,10,25,91,11,-81,-36,-49,-66,25,-44,84,13,88,20,14,-28,-51,-87,24,-5,-87,12,-10,31,82,-29,-38,5,29,-58,2,8,-51,81,55,60,73,-2,9;7,-54,70,38,22,42,82,85,91,27,-23,-8,88,64,71,-88,98,-65,-41,28,47,-99,45,4,-17,53,-24,-36,-94,64,54,-1,50,4,-84,-51,-58,73,68,89,-100,-14,-30,77,-49;49,14,44,-23,68,56,24,13,70,61,5,0,-34,-46,68,-34,18,78,-74,73,78,41,-17,47,22,70,-76,-33,-30,28,-40,30,67,-47,34,-61,31,86,-62,-93,-71,85,80,42,10;48,76,18,99,23,-19,8,-56,-96,-28,-93,-70,96,54,98,32,-43,-58,-59,1,74,33,-88,20,28,34,32,40,-82,44,93,61,40,-64,73,94,6,-33,47,-54,52,-14,63,81,26;-92,35,-69,-61,-25,71,42,38,-59,36,-85,63,97,-30,89,49,68,-75,-40,-21,-54,-11,60,81,-96,-74,89,-6,95,49,-12,70,-69,94,19,98,0,1,43,72,-50,-78,-1,0,58;-70,8,97,58,-3,83,-40,2,1,-20,19,75,-50,-66,-51,82,-53,43,-9,-52,-55,31,-97,50,90,-52,-33,-18,-12,-72,-76,90,-41,-78,73,17,92,36,-3,65,-73,-33,29,14,-100;-77,-50,-34,-7,89,-98,-22,-93,-48,13,-2,5,-54,68,-52,16,78,-86,-27,-44,28,15,-73,-40,31,89,11,-54,26,-80,77,-98,-11,49,66,98,-100,88,-2,-75,45,82,-93,9,-25;-88,46,67,-52,-52,-52,-47,-44,-42,-29,8,-78,-95,62,-100,-10,-68,-19,-69,35,-4,-84,-4,-98,-50,16,90,16,-53,10,46,7,18,85,19,-57,44,97,-23,72,24,46,-70,-22,-43;75,95,-74,-3,34,13,0,76,73,78,96,-51,65,98,32,-42,37,-92,47,25,-100,4,-81,-58,57,46,-66,-96,-42,-89,50,85,-82,44,-26,20,63,-82,12,96,-55,31,44,-93,22;93,79,99,44,14,87,37,-17,52,-44,-29,75,83,40,88,-21,-4,17,62,-72,-89,-69,-80,23,-89,-6,19,-4,50,-20,-31,60,-88,20,64,67,-66,-41,44,-76,-88,1,-35,-13,-97;45,80,-23,24,17,48,-86,81,79,11,61,58,-24,33,-81,-32,-59,32,-28,87,11,63,-37,76,-80,-56,-63,72,38,-85,9,65,32,20,-34,14,-59,71,-67,31,-45,78,-67,-91,-98;-91,58,26,25,55,71,69,93,0,-9,82,16,1,3,-28,11,-59,-57,63,-99,96,-74,55,-34,5,-74,-31,-1,40,32,32,29,-46,74,-89,-14,11,-53,82,-57,40,71,-69,-72,-16;97,40,-32,60,-80,-87,35,-31,-93,-94,82,-98,-41,-80,29,1,-30,-47,68,58,-48,-38,27,-8,85,-100,94,-40,19,-39,-76,94,27,82,7,-14,-99,38,19,18,97,-41,-54,67,-72;-16,-49,-73,-47,42,-30,17,-37,-31,-69,35,-88,75,74,-80,-81,-26,50,46,81,88,-26,-23,12,-58,0,31,34,-50,61,92,-85,59,-37,1,48,66,-93,77,90,6,30,-43,50,72;-27,-75,63,-1,-2,23,9,0,85,-61,-91,74,14,-89,-58,38,83,-87,8,-61,19,-47,11,-27,-29,-48,-33,72,55,-25,-42,-83,26,40,68,-26,68,-65,52,-63,-18,15,73,-77,-9;74,-48,95,35,-48,22,17,48,11,-47,-80,14,-11,-73,-55,-45,37,44,10,81,92,-52,73,-58,67,70,48,-39,-30,56,-97,-21,-13,82,-3,-100,-29,-63,3,52,40,-32,-86,-13,47;60,-22,-93,6,82,45,70,-37,-58,-2,26,-22,53,67,-19,74,-45,-23,55,-51,41,-74,7,30,-56,84,0,-59,58,-60,23,-67,-14,-6,-93,-8,40,54,-12,-90,-67,-84,-55,-17,70;21,18,-31,-79,77,-16,90,-42,-62,-94,34,70,-23,-39,97,-55,29,4,-99,75,-8,91,-42,60,89,-67,1,89,45,-85,24,80,-76,59,23,-34,-70,-80,80,56,32,74,-52,-12,-27;21,-37,-8,-10,64,3,11,-56,8,-22,29,-41,9,-69,44,83,-99,13,-78,-18,53,46,18,38,31,-85,9,24,-55,-58,18,43,69,-14,-33,70,-91,-2,80,11,-88,36,15,-20,93;-94,20,88,-65,72,31,-40,-74,-94,19,75,44,54,58,49,94,87,99,-35,60,86,-10,-77,64,74,74,2,33,10,-31,-83,-70,-63,44,25,-6,20,-12,-28,11,-43,16,63,66,-8;-75,-46,39,-70,16,-75,36,-51,20,-93,16,-3,-76,-39,98,-72,27,16,36,2,44,7,-91,-67,-45,-26,-2,26,54,2,-31,26,-44,-29,49,19,63,3,93,-57,-20,81,16,37,-91;96,-4,-73,-27,-17,29,-100,-74,-36,47,17,-55,6,74,-58,27,-90,-5,-82,37,90,-59,52,11,-21,-35,-76,23,-7,-79,63,91,-28,-76,-41,78,-29,-48,-29,72,-31,-1,91,24,-69;-27,-43,28,50,15,-30,-14,-2,99,-81,54,43,15,94,-83,5,-23,33,-57,84,26,72,-19,15,-36,-44,57,-77,-55,-32,-10,-50,-72,-21,-95,-93,-5,72,77,50,-23,-8,-27,-95,5;-66,55,-42,-47,-34,92,65,47,39,5,1,75,-87,-14,-41,13,-38,-48,31,28,4,14,-65,89,-90,-90,4,55,-8,6,-67,-1,-24,-91,-71,0,-1,69,78,-25,25,2,-12,74,4;-68,-19,-14,18,-63,-86,-61,41,-23,-100,19,20,-32,-57,-44,-13,-90,-46,-67,-28,-99,-2,-97,-44,58,-87,-8,-26,-45,-98,-99,-74,-39,-15,77,28,-82,-63,-45,-8,93,57,99,-92,9;80,-70,26,21,87,14,-53,-45,2,2,33,-22,-71,59,-77,21,65,-15,-26,99,-7,-42,83,-34,27,-31,73,99,40,-22,-57,-1,94,46,77,83,66,52,-32,-12,54,70,59,82,-57;-50,89,-23,-69,70,-72,-28,25,-91,-84,22,-53,-40,93,18,41,-53,14,-77,-41,-66,-17,-18,81,-60,54,-88,-83,86,-56,22,-1,-100,-78,-23,-21,-5,67,70,-50,71,73,85,30,-45;35,6,58,49,46,6,-44,35,23,-92,67,6,-5,91,-85,-85,-46,39,64,-6,-78,-54,-63,16,-62,-54,-20,44,72,-13,-40,-3,52,25,4,-52,-46,-32,-61,38,-35,63,-23,-87,9;73,-100,76,55,-65,17,-66,-80,-64,-67,-11,-31,-58,10,0,-74,12,63,-65,48,-31,54,69,-14,67,61,86,-1,-74,-72,-41,68,-76,-94,-35,-54,3,88,37,70,-74,-23,16,-8,-86;79,-89,57,39,11,53,-100,-58,-35,-60,-82,-70,-11,87,-26,31,34,94,-93,73,21,-56,-65,-55,-46,22,23,-75,-36,21,92,-62,-24,-29,87,49,-72,60,14,-26,-41,25,58,66,-54;-85,-87,-100,-37,-61,-9,-17,8,19,-7,34,76,11,-15,89,-70,74,78,43,-52,80,53,-83,-100,25,2,74,-21,33,14,95,-14,-32,99,-62,8,22,62,-76,-71,8,30,57,78,-47;72,17,-25,25,-56,-16,47,-85,18,-34,-38,95,-100,38,37,17,-97,74,-96,-2,-52,7,12,-54,-20,7,-89,53,13,39,-50,95,-61,46,52,85,-2,54,-12,-70,-53,-29,50,33,76
-76,-13,12,5,55,52,-21,-95,-36,-96,-72,-56,37,-28,94,1,78,-85,-34,56,-46,85,52,-82,-52,-14,74,-50,77,57,79;-30,67,86,87,-35,-99,-67,-6,-58,60,41,-13,80,-31,9,51,57,-48,69,71,17,9,57,-33,-62,35,-7,-43,-32,78,-72;-72,7,-75,58,-23,51,-15,29,-1,45,21,-77,95,13,-3,71,48,38,35,-84,98,-93,85,-38,60,-90,18,48,30,7,76;-75,-36,31,12,80,55,11,-69,-100,-28,23,-31,-74,95,-14,61,53,41,63,45,18,33,61,-70,-79,21,62,98,-33,-68,36;99,92,68,-5,59,-37,-100,16,-84,-63,6,35,44,-26,37,59,-34,-26,-52,65,-93,66,62,-42,-8,2,1,-9,-41,92,12;64,67,36,24,-23,-43,0,26,-3,52,-76,47,7,-89,98,-83,55,-17,62,-4,24,-82,-34,29,-68,-70,10,-97,-44,62,9;-43,-77,24,42,67,-92,50,-41,1,66,47,51,-88,82,-81,-46,-54,-6,-15,46,-93,-3,-4,88,45,0,-94,-9,-53,47,-3;-30,35,-57,66,23,83,-32,-70,-91,-96,-77,-40,29,77,-33,-46,46,-87,76,-37,9,71,-84,1,60,27,36,97,-34,-99,-41;-88,53,-31,-23,-85,68,-84,-5,-30,77,-37,-25,41,83,-64,66,-90,-23,-54,-40,-23,-29,-16,87,-2,19,41,-95,96,-54,-29;64,-93,45,-89,6,-40,0,-49,-15,30,18,5,-15,-55,-4,-26,18,24,60,25,19,-80,41,81,41,-31,-19,78,-4,-73,-90;-1,-76,6,-1,-33,95,72,29,6,10,-75,60,29,59,66,99,41,-98,-56,-77,-19,-64,21,52,43,-34,64,-31,-63,78,21;55,-42,19,-81,-19,79,46,-72,-21,45,94,-47,-86,-7,-41,-89,-79,75,-30,39,76,-48,-96,28,-38,2,53,55,-99,-69,2;-8,27,89,-30,2,-90,40,-15,-81,95,74,64,-23,-13,82,6,-42,-16,-46,42,-6,66,-61,44,2,-46,90,56,78,-75,91;-74,-52,-57,1,26,-76,-78,56,-99,-20,-10,-50,44,-98,-13,26,-59,-20,96,-5,-30,46,-12,-93,25,-12,-56,68,-52,-81,84;6,94,-97,47,16,-67,85,-45,-19,-65,27,-47,-38,-96,16,-6,42,-86,27,49,-25,82,30,21,-21,59,-65,75,-62,79,-46;8,81,-5,83,-45,41,-46,70,-8,-45,-76,14,-41,42,-8,-75,-97,-91,93,2,53,21,-30,8,24,-36,-18,-33,57,98,-91;-83,1,80,-81,-28,66,-80,-40,53,-13,-56,-66,-7,-49,-33,-30,78,87,33,-68,66,-55,-23,1,87,10,87,-42,91,-41,87;-87,-6,-54,-94,-88,-22,23,-80,-41,83,48,-61,-85,9,-14,77,-43,-44,93,3,-20,-77,65,-57,72,-76,-21,-69,61,79,61;-32,-6,0,-70,39,-54,-56,-45,91,-46,66,-26,-52,-83,-94,-39,92,0,32,29,-99,98,55,6,90,28,-97,-66,87,99,-9;-42,-20,-79,-20,44,14,-22,46,30,-87,-99,-99,-51,13,48,17,-75,65,62,-13,30,-72,-51,59,-30,39,94,-60,-89,-57,-91;-33,92,62,8,94,-73,37,-39,47,13,54,-98,16,-100,96,6,92,-59,-89,77,-32,-75,11,60,-71,-70,-39,-91,-95,20,-63;35,-13,-97,33,-92,-14,-95,54,-11,-13,4,-85,73,76,-74,33,59,-26,-67,-99,99,99,-34,40,-58,-19,-98,-21,64,65,28;-44,-74,-25,-82,14,13,-34,87,-81,86,-13,21,-10,64,-91,37,84,-98,-3,2,35,71,18,-62,36,-79,-38,-9,27,-17,26;89,24,59,-53,89,-3,57,11,-80,-8,-14,-87,-86,11,-23,76,75,-67,43,-83,-24,-34,-37,92,-16,7,-63,-18,-7,-50,75;-40,35,-40,-3,97,30,17,-81,-60,-74,-10,-23,-91,-51,58,4,27,-42,-55,-13,-42,84,-34,-51,23,-39,66,62,-18,-40,-26;-83,70,17,-74,-23,54,-86,-21,-55,-42,-87,3,91,85,89,-47,43,26,-97,10,-77,-52,63,17,-25,-31,-90,74,36,63,54;37,79,51,-28,7,-9,-78,-19,49,13,79,99,-72,-56,-19,-26,-37,33,-93,-77,-64,-22,50,-50,69,-94,-100,50,-93,43,-61;42,-19,4,-25,23,-61,13,-18,61,20,-55,-47,96,-56,-51,34,-28,94,95,47,-59,29,40,18,-41,-72,1,3,0,-9,-28;-27,-94,-27,-64,18,23,69,57,-65,50,-50,-55,2,91,-75,53,-94,19,-28,28,55,-88,96,98,-87,40,86,-84,-6,38,-91;82,-30,-52,71,-54,23,-92,31,-89,2,-63,59,96,90,-17,-62,27,-67,-25,-6,84,-72,62,17,-39,-90,-26,-78,77,37,53;-38,-3,41,-32,75,-46,-81,78,-71,98,88,-40,-75,17,-48,99,-92,29,1,-41,82,-81,-57,-75,54,7,30,9,-64,-52,85
49,75,-39,-46,21,8,84,7,-45,-55,-4,95,67,37,99,-92,-90,-34,-8;-25,-22,70,-57,-46,16,14,-33,23,9,42,81,-88,-65,87,-24,42,91,45;-14,-79,17,51,27,73,46,-71,86,70,31,1,-75,82,-8,-23,95,78,31;-93,38,-94,-59,-40,97,12,-36,-16,60,79,-39,-44,-83,-35,79,-29,57,26;-57,-31,7,-14,27,-4,91,-92,17,98,20,57,92,-3,-89,83,-94,-20,79;-43,54,-86,9,-38,-31,-93,9,-25,-17,60,-97,-80,19,-32,34,-38,-1,-49;-21,44,-31,88,95,-35,63,-97,87,63,-55,-67,-42,-1,-9,0,71,-72,59;-55,-83,20,87,15,25,57,95,-1,-63,23,62,48,-16,55,-100,-65,87,66;-81,-57,-2,-35,-81,46,-70,-50,1,3,28,-82,-4,6,2,-46,-66,58,57;53,-37,-63,-30,-36,65,-36,-100,-4,49,3,-2,-44,13,-95,-92,16,46,51;1,-60,-15,-26,-45,-9,70,-82,-74,-44,-54,-70,21,-58,-23,-66,2,82,73;-66,0,54,45,34,1,98,-95,-28,5,-9,-3,86,7,-18,-43,16,-32,88;82,78,-7,47,-62,44,-50,18,82,-44,79,-22,3,-74,42,12,-49,46,-5;50,73,-43,-15,-2,12,35,59,-41,23,-62,85,60,66,14,-100,94,41,53;16,-99,-16,82,-84,49,-8,-73,88,-30,-57,95,-69,10,-79,17,-85,24,-8;94,-66,3,85,90,95,43,-29,-82,11,89,-74,48,70,-2,-70,-6,-34,90;-60,36,-95,-15,47,-12,-84,27,-94,-26,39,-51,-2,-25,1,46,18,-87,-85;-7,87,-28,-23,-27,15,98,-56,-6,-76,33,-21,26,-50,-76,-17,56,88,48;56,-3,73,-33,36,96,-21,-38,-10,51,-53,-76,79,-83,-22,72,-97,68,-42
48,-57,21,3,-27,95,-88,98,-26,91,45,57,70,-44,18,19,19,35,-19,94,-47,8,-7,-53,-100,53,-38,-53,-23,-80,15,-3,-44,79,-92,-47,-48,64,-38,-99,-34,-37,-85;59,1,-34,-91,60,59,-47,-16,-68,77,37,16,-61,50,-27,3,19,32,64,21,-46,-24,-53,0,91,-52,-35,-33,54,-28,-21,28,89,-7,33,45,33,44,1,-12,-76,35,-18;20,19,-38,68,2,78,-39,42,-32,1,42,60,-17,-46,65,-82,11,-6,85,30,59,-3,-91,26,45,-84,27,69,75,-69,-24,-4,19,93,27,81,28,-21,62,-11,-8,29,-89;-74,-53,33,-50,-9,67,26,89,93,-61,-96,22,-78,10,35,-77,-14,-50,-8,67,-63,-76,-55,-59,-11,26,84,-11,-69,31,-5,-62,-70,-14,82,-22,-88,66,-64,-98,-51,-59,-17;-43,14,-30,4,-29,92,-44,-24,-62,-100,62,73,-98,-98,-8,60,64,82,-64,58,-39,43,66,-8,36,28,-44,-90,19,-86,-11,18,96,41,87,26,-81,-78,13,-4,75,-45,-44;-63,-33,12,80,-24,20,-95,-29,-81,-88,-17,-79,14,48,78,67,42,35,-55,56,-76,10,-56,77,-40,-85,65,41,42,-31,39,83,-94,-14,28,-76,-76,47,80,-10,14,42,-30;5,13,20,-27,78,-59,-46,70,60,29,-2,-68,27,-77,35,19,-40,54,-36,28,49,-27,0,-86,-72,-81,53,43,94,55,55,-58,-18,-60,39,-37,40,42,87,-1,-12,-1,78;-47,7,-46,-99,-99,-11,-72,19,35,-51,-87,20,-69,-87,5,-56,58,-13,11,75,-95,73,-44,50,-14,-16,-29,79,18,67,64,-60,-50,-6,-54,7,73,-83,52,-47,66,-65,-81;93,-32,19,7,-50,-66,-3,-72,-88,76,23,72,-20,-49,3,14,16,-82,-52,-99,68,-16,73,-30,36,67,98,-29,41,35,-42,-92,70,53,-37,-18,67,76,-80,45,-79,38,52;-36,27,22,65,-45,-30,2,-65,-65,18,-67,-49,8,-6,-51,70,-17,-64,-74,-13,-24,18,14,-98,26,88,-79,47,39,98,3,80,-71,31,8,43,-86,-99,42,-99,-62,0,-77;-10,36,2,54,87,18,-95,36,8,95,-49,-24,45,-88,19,-61,-33,-52,55,-5,-64,-85,-47,-79,76,85,6,56,-18,-7,-75,-52,75,-5,-76,-35,-76,-67,-66,-72,33,-39,94;84,78,-45,62,30,-6,61,-26,52,-17,-96,86,-25,-18,-20,77,-99,-88,-51,-46,-85,69,-98,0,-50,88,-46,-86,-67,-87,27,61,75,-80,-32,-58,21,-78,75,-38,20,-82,-28;65,70,9,48,83,43,-45,-67,-84,-16,-93,79,-85,75,54,12,41,-60,46,-59,39,56,-57,-90,-46,-87,-62,-44,78,-64,87,33,96,-3,-63,30,41,-61,-29,-29,78,80,11;-23,68,-59,-47,-34,66,10,-67,-78,73,77,33,-91,27,-2,-6,69,5,99,-46,79,-3,-27,82,17,38,-76,70,2,68,-25,-37,58,-55,65,-58,-88,60,71,-11,-33,-98,65;59,-82,64,-72,-98,-57,45,2,65,78,26,31,80,-5,-41,36,28,42,40,31,-47,-2,14,74,63,61,-44,-18,-91,34,9,86,76,31,13,63,53,9,-78,27,56,-34,9;-16,-68,13,85,47,53,-76,-58,47,27,-29,12,-39,4,89,-36,-60,87,-37,-7,-69,-31,39,55,-52,81,-5,82,-81,20,-87,74,86,88,-70,42,-50,76,9,28,84,-8,61;-42,5,-81,-48,-41,64,-56,81,40,-7,73,-22,-86,-8,57,37,65,-43,-59,-77,-73,14,-4,25,-28,-27,-53,-86,-37,-23,34,8,39,8,-20,-50,-72,29,-64,-82,74,38,-28;-19,-88,10,-85,-51,-8,-61,43,-29,43,-31,33,44,-92,-6,79,85,16,-70,17,-38,59,-35,39,6,-88,7,8,-65,-79,-77,-52,-11,-59,-86,13,62,-42,98,21,-76,34,-37;64,-30,74,36,-59,34,50,-50,1,43,-80,-90,22,46,71,9,-64,85,30,7,-50,20,-80,-56,2,94,80,-84,27,18,9,-7,27,-5,0,-31,31,-25,-35,74,-15,70,21;5,-32,-70,-8,66,91,48,61,35,-7,-74,-87,-56,-51,30,-66,-53,53,33,23,83,-67,27,-18,-74,-54,2,78,61,19,56,-78,-21,98,15,75,-29,1,-86,-75,79,57,74;99,1,-18,-44,-81,-100,-59,-82,-80,52,-53,38,-29,41,47,-35,20,-12,70,-100,-85,36,-96,33,-55,34,55,62,45,39,7,44,-75,-41,27,81,43,89,-18,77,19,1,35;-31,-68,-40,-57,-67,23,-65,-7,37,-92,57,58,-37,-3,49,-90,-16,-55,-21,-27,-19,-56,3,12,-89,-86,66,22,30,-95,92,-20,14,-99,34,1,85,-10,21,-62,9,-55,70;35,-32,1,-36,-17,94,79,97,31,-60,-73,-47,-75,28,48,-69,-81,57,13,63,31,-85,-24,-57,-39,63,-53,-75,93,24,-60,63,-64,-26,67,-57,10,49,-18,28,50,-92,-39;-60,-14,47,9,72,-64,-41,1,-19,95,-19,-61,19,92,-43,-98,20,46,54,-97,-93,99,-37,-83,50,61,4,21,-31,-26,85,-88,23,54,-65,56,14,-47,-25,88,34,-78,58;68,54,-65,-52,-49,-48,47,61,81,96,-96,-47,-59,-78,30,58,-89,31,37,-68,-94,-90,-31,16,64,56,0,-12,-34,-29,65,-31,85,-60,-5,-38,15,13,-47,-32,22,12,-97;-84,19,1,94,34,83,-5,-37,-43,96,90,52,57,-15,18,-17,-5,51,-42,-6,10,-70,34,-33,-100,27,-33,-57,-2,-22,-31,9,-7,-93,-48,97,-37,62,66,4,71,-93,8;-28,95,-12,38,77,96,-71,58,16,-37,-83,-8,85,84,-67,93,-93,16,-49,65,78,27,-20,-42,50,-68,21,-81,32,84,53,23,3,22,-38,-28,12,88,-11,-54,-32,20,52;-55,-24,14,-34,-87,-71,68,59,88,19,-58,30,44,14,-70,88,44,-26,-91,-75,32,9,-6,89,-37,21,61,-19,-82,-74,-96,-4,-43,75,-66,82,-65,65,8,90,64,-76,65;-97,-39,91,17,57,-18,-100,45,72,-42,-5,-80,36,81,24,-97,-9,-33,-13,41,61,14,45,-28,69,-20,-52,52,78,65,-81,-39,7,44,-9,28,-29,-97,-96,98,-83,-19,-68;-62,62,54,-2,-100,11,62,-83,22,-24,-17,-97,-12,15,19,48,-23,-67,-53,66,-94,-61,-66,13,91,-10,95,31,-13,-37,-12,23,-20,-18,6,9,-86,81,-53,-59,-85,48,-4;84,-77,40,-98,-88,52,-45,27,64,69,15,-74,98,28,-59,6,10,15,-69,29,-41,87,59,23,-94,-92,-90,33,-5,86,-94,50,-42,42,-51,-11,-49,-13,83,79,-69,35,23;53,65,-44,8,81,73,-25,37,26,84,-82,-64,97,-36,-84,96,-97,41,22,-69,78,63,64,67,-45,-22,52,-46,-78,32,-48,-2,23,-37,-95,58,49,0,-71,60,-80,-52,-20;66,-61,6,-48,-75,-65,-9,79,-63,9,3,45,90,-100,-12,-48,2,-80,-80,15,94,31,20,12,34,-42,-43,-54,3,12,62,-89,29,-17,98,28,49,-74,27,-81,30,52,-85;88,-80,18,-85,58,-39,-52,26,39,-100,33,-15,-66,18,93,18,67,77,-56,-24,24,47,-8,-85,7,-99,59,2,-25,-7,-100,84,-59,16,31,-8,-84,-58,-1,85,-46,85,-78;-89,96,97,64,-91,56,8,59,-59,-15,-24,-10,-59,27,2,8,56,1,45,-49,-54,99,49,-56,18,86,0,2,24,-22,-41,-79,39,24,-20,-81,9,-63,49,46,66,33,58;-2,64,-75,-10,64,13,34,42,-17,8,34,76,-89,-54,53,-54,-78,-45,-94,-65,63,-74,-46,51,16,-54,-17,98,19,51,99,-16,12,-60,-49,-21,-8,-4,35,88,90,35,76;12,-96,48,-31,72,56,91,27,-9,60,-2,95,-28,10,-26,74,18,-70,35,-77,31,9,-50,-37,71,95,-27,53,26,19,-82,-55,-72,-51,42,46,67,77,10,-59,28,-76,8;23,-87,-55,78,69,-83,22,-83,58,-46,12,-56,-97,53,-16,-2,77,-17,-63,-100,71,42,-47,66,-78,67,27,-94,40,20,-6,-5,7,-99,26,-50,25,-84,4,36,-96,1,-40;90,15,-95,38,93,-18,-21,32,58,-9,-76,36,81,60,-22,56,-99,-10,15,-23,-63,59,-83,37,-98,-73,-66,72,60,78,0,96,-31,-18,-38,-50,-83,-71,34,23,-40,87,35;-96,-18,-36,44,-10,-54,-40,2,-55,-12,-76,-78,-70,-2,-33,36,65,-52,6,72,79,90,-73,-33,-1,-3,-73,39,72,55,92,-84,-50,-76,-87,-46,37,-18,44,26,0,-24,-46;8,-56,-41,-69,52,49,-8,68,-26,54,-85,56,-87,-46,96,-55,92,-82,20,30,-10,-5,-92,71,-94,-15,-88,98,-17,4,80,-29,3,35,19,-78,-61,-35,-25,89,-21,87,17;-38,-65,-33,99,99,40,-64,51,7,80,45,64,-88,-64,-12,-76,-34,36,-7,-15,70,73,43,-47,-22,35,73,-95,27,43,30,-49,2,77,46,36,39,-14,-87,-43,-54,53,-28;-9,57,70,7,86,51,-60,-92,-47,85,2,47,-12,-9,-86,20,-36,67,-69,-76,64,-51,-6,-38,-66,-11,51,-15,80,23,-64,-62,-83,1,-48,-5,8,-73,87,-46,-14,34,-23
-70
